time,x,y,z,qx,qy,qz,qw,err_x,err_y,err_z,err_qx,err_qy,err_qz,err_qw
1634068460861,-0.397437,0.0517812,-1.31434,-0.0140608,0.0217597,0.652337,-0.757486,0,0,0,0,0,0,0
1634068460961,-0.392178,0.0510458,-1.31047,-0.0208234,0.0333551,0.647158,-0.761341,0,0,0,0,0,0,0
1634068461061,-0.379393,0.049208,-1.30926,-0.0233032,0.0377466,0.643722,-0.763973,0,0,0,0,0,0,0
1634068461161,-0.358138,0.0461145,-1.30925,-0.0232521,0.0379957,0.641501,-0.765828,0,0,0,0,0,0,0
1634068461261,-0.327383,0.0416051,-1.30935,-0.0219175,0.0360398,0.640043,-0.767181,0,0,0,0,0,0,0
1634068461361,-0.289405,0.0360072,-1.30909,-0.0200508,0.0331324,0.639147,-0.768109,0,0,0,0,0,0,0
1634068461461,-0.244082,0.0292985,-1.30833,-0.0179908,0.0298688,0.638577,-0.768767,0,0,0,0,0,0,0
1634068461561,-0.190475,0.0213313,-1.30707,-0.0158759,0.0264987,0.638207,-0.769245,0,0,0,0,0,0,0
1634068461661,-0.132487,0.0126767,-1.3055,-0.0139355,0.023404,0.637982,-0.769569,0,0,0,0,0,0,0
1634068461761,-0.0693305,0.00320892,-1.3037,-0.0121546,0.0205668,0.63784,-0.769798,0,0,0,0,0,0,0
1634068461861,-0.00164597,-0.00698711,-1.30175,-0.0105501,0.018016,0.637752,-0.769959,0,0,0,0,0,0,0
1634068461961,0.0722168,-0.0181739,-1.29967,-0.0090824,0.0156863,0.637696,-0.770075,0,0,0,0,0,0,0
1634068462061,0.147386,-0.0296252,-1.29766,-0.00782905,0.0136985,0.637663,-0.770154,0,0,0,0,0,0,0
1634068462161,0.225526,-0.0416021,-1.29569,-0.00673114,0.0119568,0.637644,-0.770209,0,0,0,0,0,0,0
1634068462261,0.306239,-0.0540535,-1.29378,-0.00577445,0.0104358,0.637633,-0.770248,0,0,0,0,0,0,0
1634068462361,0.391722,-0.067331,-1.29191,-0.00492104,0.00907292,0.637626,-0.770277,0,0,0,0,0,0,0
1634068462461,0.476638,-0.0806129,-1.29019,-0.00420675,0.00792405,0.637623,-0.770296,0,0,0,0,0,0,0
1634068462561,0.563208,-0.0942482,-1.28858,-0.00359161,0.00692466,0.637622,-0.77031,0,0,0,0,0,0,0
1634068462661,0.653892,-0.108633,-1.28702,-0.00304908,0.00603088,0.637622,-0.77032,0,0,0,0,0,0,0
1634068462761,0.743154,-0.122892,-1.28561,-0.00260009,0.0052778,0.637622,-0.770327,0,0,0,0,0,0,0
1634068462861,0.833473,-0.137418,-1.2843,-0.00221788,0.00462229,0.637623,-0.770332,0,0,0,0,0,0,0
1634068462961,0.924701,-0.152188,-1.28308,-0.00168947,0.00416134,0.637624,-0.770335,0,0,0,0,0,0,0
1634068463061,1.0195,-0.167695,-1.28191,-0.000377651,0.00420759,0.637628,-0.770333,0,0,0,0,0,0,0
1634068463161,1.11214,-0.183214,-1.28088,0.00128792,0.00450495,0.637632,-0.770327,0,0,0,0,0,0,0
1634068463261,1.20524,-0.199473,-1.27996,0.00307249,0.00487042,0.637634,-0.770318,0,0,0,0,0,0,0
1634068463361,1.30147,-0.217323,-1.27915,0.00487494,0.00521563,0.637635,-0.770306,0,0,0,0,0,0,0
1634068463461,1.395,-0.23602,-1.2785,0.00649029,0.00546431,0.637634,-0.770293,0,0,0,0,0,0,0
1634068463561,1.48849,-0.256341,-1.278,0.00791509,0.00560525,0.637633,-0.77028,0,0,0,0,0,0,0
1634068463661,1.58178,-0.278515,-1.27762,0.00911524,0.00563399,0.637632,-0.770267,0,0,0,0,0,0,0
1634068463761,1.67756,-0.303489,-1.27735,0.0100997,0.00555348,0.637632,-0.770255,0,0,0,0,0,0,0
1634068463861,1.77005,-0.32993,-1.27718,0.0107977,0.00538302,0.637632,-0.770246,0,0,0,0,0,0,0
1634068463961,1.86196,-0.358624,-1.27708,0.011252,0.00513964,0.637634,-0.77024,0,0,0,0,0,0,0
1634068464061,1.95596,-0.390582,-1.27703,0.0114634,0.00483174,0.637637,-0.770236,0,0,0,0,0,0,0
1634068464161,2.04645,-0.423917,-1.27701,0.0114331,0.00449561,0.637641,-0.770235,0,0,0,0,0,0,0
1634068464261,2.13616,-0.459488,-1.27698,0.0111967,0.00413984,0.637646,-0.770237,0,0,0,0,0,0,0
1634068464361,2.22506,-0.497217,-1.27694,0.0107852,0.00377891,0.637652,-0.770239,0,0,0,0,0,0,0
1634068464461,2.3158,-0.538233,-1.27687,0.0102132,0.00341364,0.637659,-0.770244,0,0,0,0,0,0,0
1634068464561,2.40307,-0.579994,-1.27676,0.00957076,0.00307394,0.637665,-0.770248,0,0,0,0,0,0,0
1634068464661,2.48957,-0.623551,-1.27665,0.00961922,0.00279673,0.637667,-0.770247,0,0,0,0,0,0,0
1634068464761,2.57526,-0.668867,-1.27658,0.0102072,0.00255221,0.637667,-0.77024,0,0,0,0,0,0,0
1634068464861,2.66259,-0.717449,-1.27657,0.0110045,0.00228689,0.637666,-0.770231,0,0,0,0,0,0,0
1634068464961,2.74628,-0.76652,-1.27664,0.0117644,0.00200065,0.637664,-0.770222,0,0,0,0,0,0,0
1634068465061,2.82879,-0.817557,-1.27678,0.0124129,0.00168763,0.637664,-0.770213,0,0,0,0,0,0,0
1634068465161,2.91243,-0.872255,-1.27698,0.0129014,0.00134903,0.637664,-0.770205,0,0,0,0,0,0,0
1634068465261,2.99217,-0.927427,-1.27721,0.0131926,0.00101485,0.637665,-0.7702,0,0,0,0,0,0,0
1634068465361,3.07041,-0.98465,-1.27746,0.0133049,0.000688114,0.637668,-0.770196,0,0,0,0,0,0,0
1634068465461,3.14709,-1.0439,-1.27771,0.0132462,0.000380282,0.637672,-0.770194,0,0,0,0,0,0,0
1634068465561,3.22442,-1.10701,-1.27796,0.0129927,0.00010108,0.637677,-0.770194,0,0,0,0,0,0,0
1634068465661,3.29784,-1.17021,-1.27817,0.0125445,-0.000117495,0.637683,-0.770197,0,0,0,0,0,0,0
1634068465761,3.36968,-1.23521,-1.27834,0.0119375,-0.000283142,0.637689,-0.770201,0,0,0,0,0,0,0
1634068465861,3.43998,-1.30192,-1.27846,0.011208,-0.000397469,0.637695,-0.770207,0,0,0,0,0,0,0
1634068465961,3.51088,-1.3723,-1.27851,0.0103629,-0.00046517,0.637702,-0.770214,0,0,0,0,0,0,0
1634068466061,3.57831,-1.44207,-1.27851,0.00948111,-0.000487275,0.637708,-0.77022,0,0,0,0,0,0,0
1634068466161,3.64448,-1.51315,-1.27844,0.00856364,-0.000472363,0.637714,-0.770226,0,0,0,0,0,0,0
1634068466261,3.70949,-1.5854,-1.27833,0.00765882,-0.000436184,0.637718,-0.770232,0,0,0,0,0,0,0
1634068466361,3.77539,-1.66094,-1.27818,0.00747085,-0.000587085,0.63772,-0.770232,0,0,0,0,0,0,0
1634068466461,3.83829,-1.73527,-1.27806,0.00783346,-0.00088571,0.63772,-0.770228,0,0,0,0,0,0,0
1634068466561,3.90008,-1.81062,-1.27798,0.00841257,-0.0012627,0.63772,-0.770221,0,0,0,0,0,0,0
1634068466661,3.96245,-1.88934,-1.27794,0.00904261,-0.001682,0.637718,-0.770215,0,0,0,0,0,0,0
1634068466761,4.02158,-1.96684,-1.27794,0.00959877,-0.00209227,0.637716,-0.770209,0,0,0,0,0,0,0
1634068466861,4.07922,-2.04546,-1.27799,0.0100378,-0.00247892,0.637715,-0.770203,0,0,0,0,0,0,0
1634068466961,4.13523,-2.12522,-1.27807,0.0103432,-0.00282886,0.637713,-0.770199,0,0,0,0,0,0,0
1634068467061,4.19116,-2.20858,-1.27818,0.0105128,-0.00314015,0.637714,-0.770195,0,0,0,0,0,0,0
1634068467161,4.24365,-2.29063,-1.2783,0.0105363,-0.00338421,0.637716,-0.770192,0,0,0,0,0,0,0
1634068467261,4.29433,-2.37377,-1.27841,0.0104163,-0.00355676,0.637718,-0.770192,0,0,0,0,0,0,0
1634068467361,4.34465,-2.46053,-1.27852,0.0101299,-0.00364068,0.63772,-0.770193,0,0,0,0,0,0,0
1634068467461,4.39165,-2.54576,-1.2786,0.00971968,-0.00363669,0.637723,-0.770196,0,0,0,0,0,0,0
1634068467561,4.43692,-2.63193,-1.27864,0.00920399,-0.00355601,0.637727,-0.770199,0,0,0,0,0,0,0
1634068467661,4.48051,-2.71898,-1.27865,0.00860706,-0.00340799,0.637731,-0.770204,0,0,0,0,0,0,0
1634068467761,4.52377,-2.8095,-1.27861,0.00793136,-0.00319664,0.637734,-0.770209,0,0,0,0,0,0,0
1634068467861,4.56428,-2.89809,-1.27852,0.00723685,-0.00294544,0.637738,-0.770214,0,0,0,0,0,0,0
1634068467961,4.60344,-2.98735,-1.2784,0.00652918,-0.00266474,0.637741,-0.770218,0,0,0,0,0,0,0
1634068468061,4.64252,-3.07992,-1.27825,0.00638988,-0.00274991,0.637742,-0.770218,0,0,0,0,0,0,0
1634068468161,4.67921,-3.17033,-1.27812,0.00677116,-0.00318747,0.637741,-0.770215,0,0,0,0,0,0,0
1634068468261,4.71459,-3.2613,-1.27804,0.00734913,-0.00378943,0.637738,-0.770209,0,0,0,0,0,0,0
1634068468361,4.74849,-3.35283,-1.278,0.00794791,-0.00444253,0.637735,-0.770202,0,0,0,0,0,0,0
1634068468461,4.78171,-3.44773,-1.27803,0.00848742,-0.00509658,0.637732,-0.770195,0,0,0,0,0,0,0
1634068468561,4.81212,-3.54042,-1.2781,0.00888871,-0.00567045,0.63773,-0.770188,0,0,0,0,0,0,0
1634068468661,4.84059,-3.63368,-1.27822,0.00915716,-0.00616492,0.637729,-0.770182,0,0,0,0,0,0,0
1634068468761,4.86702,-3.72747,-1.27836,0.00928766,-0.00656233,0.637729,-0.770177,0,0,0,0,0,0,0
1634068468861,4.89204,-3.82464,-1.27853,0.00928445,-0.00686127,0.637731,-0.770173,0,0,0,0,0,0,0
1634068468961,4.91413,-3.91944,-1.2787,0.00914203,-0.00701896,0.637733,-0.770171,0,0,0,0,0,0,0
1634068469061,4.93404,-4.01466,-1.27885,0.00887209,-0.00703838,0.637737,-0.770171,0,0,0,0,0,0,0
1634068469161,4.95182,-4.11028,-1.27898,0.00849044,-0.00692395,0.637741,-0.770173,0,0,0,0,0,0,0
1634068469261,4.96796,-4.20916,-1.27907,0.00800796,-0.00668469,0.637746,-0.770176,0,0,0,0,0,0,0
1634068469361,4.98162,-4.30545,-1.27912,0.00747496,-0.00635201,0.63775,-0.770181,0,0,0,0,0,0,0
1634068469461,4.9934,-4.402,-1.27912,0.0068989,-0.00593957,0.637754,-0.770186,0,0,0,0,0,0,0
1634068469561,5.00372,-4.50173,-1.27907,0.00627829,-0.00544995,0.637758,-0.770192,0,0,0,0,0,0,0
1634068469661,5.01213,-4.59872,-1.27897,0.00567931,-0.00494739,0.637762,-0.770196,0,0,0,0,0,0,0
1634068469761,5.01907,-4.69589,-1.27886,0.00555217,-0.00503818,0.637763,-0.770196,0,0,0,0,0,0,0
1634068469861,5.02457,-4.79321,-1.27876,0.0057483,-0.00558335,0.637763,-0.770191,0,0,0,0,0,0,0
1634068469961,5.02862,-4.89359,-1.27871,0.00606686,-0.00634765,0.63776,-0.770185,0,0,0,0,0,0,0
1634068470061,5.03084,-4.99108,-1.27871,0.00636812,-0.00712775,0.637757,-0.770178,0,0,0,0,0,0,0
1634068470161,5.03121,-5.08857,-1.27876,0.00660151,-0.00785627,0.637755,-0.770171,0,0,0,0,0,0,0
1634068470261,5.02961,-5.18603,-1.27886,0.006746,-0.00849263,0.637754,-0.770164,0,0,0,0,0,0,0
1634068470361,5.02578,-5.28633,-1.279,0.00678846,-0.00901026,0.637753,-0.770158,0,0,0,0,0,0,0
1634068470461,5.01986,-5.38353,-1.27916,0.00673204,-0.00937149,0.637753,-0.770154,0,0,0,0,0,0,0
1634068470561,5.01172,-5.48052,-1.27934,0.00659218,-0.00959221,0.637755,-0.770152,0,0,0,0,0,0,0
1634068470661,5.00135,-5.57725,-1.27951,0.00637064,-0.00964843,0.637758,-0.77015,0,0,0,0,0,0,0
1634068470761,4.98835,-5.67661,-1.27967,0.00606811,-0.0095254,0.637761,-0.770151,0,0,0,0,0,0,0
1634068470861,4.97355,-5.77272,-1.27979,0.0057171,-0.00924642,0.637766,-0.770154,0,0,0,0,0,0,0
1634068470961,4.95667,-5.86848,-1.27987,0.00532878,-0.00883582,0.637771,-0.770157,0,0,0,0,0,0,0
1634068471061,4.93783,-5.9639,-1.27991,0.00491699,-0.00831856,0.637776,-0.770161,0,0,0,0,0,0,0
1634068471161,4.91649,-6.06185,-1.2799,0.00448168,-0.00769708,0.637781,-0.770166,0,0,0,0,0,0,0
1634068471261,4.89407,-6.15658,-1.27984,0.00405826,-0.00703268,0.637785,-0.770172,0,0,0,0,0,0,0
1634068471361,4.8701,-6.251,-1.27973,0.0036569,-0.00636581,0.637789,-0.770176,0,0,0,0,0,0,0
1634068471461,4.84473,-6.34512,-1.27961,0.00351011,-0.00641685,0.63779,-0.770176,0,0,0,0,0,0,0
1634068471561,4.81714,-6.44175,-1.2795,0.00351967,-0.00702325,0.637789,-0.770171,0,0,0,0,0,0,0
1634068471661,4.78888,-6.53515,-1.27944,0.00357045,-0.0078288,0.637787,-0.770165,0,0,0,0,0,0,0
1634068471761,4.75902,-6.62807,-1.27943,0.00360358,-0.00866979,0.637785,-0.770157,0,0,0,0,0,0,0
1634068471861,4.72647,-6.7232,-1.27947,0.00358725,-0.00945622,0.637783,-0.770149,0,0,0,0,0,0,0
1634068471961,4.69302,-6.81485,-1.27956,0.00351792,-0.0100973,0.637782,-0.770143,0,0,0,0,0,0,0
1634068472061,4.65765,-6.90574,-1.27969,0.00339687,-0.0105865,0.637782,-0.770137,0,0,0,0,0,0,0
1634068472161,4.62032,-6.99578,-1.27984,0.00323247,-0.0109252,0.637782,-0.770132,0,0,0,0,0,0,0
1634068472261,4.57976,-7.08762,-1.28,0.00302858,-0.0111059,0.637783,-0.77013,0,0,0,0,0,0,0
1634068472361,4.53837,-7.17578,-1.28017,0.00280594,-0.0110903,0.637786,-0.770129,0,0,0,0,0,0,0
1634068472461,4.49501,-7.26295,-1.28031,0.00257226,-0.0108922,0.63779,-0.770129,0,0,0,0,0,0,0
1634068472561,4.44973,-7.34913,-1.28043,0.00233675,-0.0105285,0.637793,-0.770132,0,0,0,0,0,0,0
1634068472661,4.40118,-7.43689,-1.28051,0.00210103,-0.0100117,0.637799,-0.770135,0,0,0,0,0,0,0
1634068472761,4.35231,-7.5211,-1.28054,0.00188517,-0.00940003,0.637804,-0.770139,0,0,0,0,0,0,0
1634068472861,4.30183,-7.6044,-1.28053,0.00168571,-0.008706,0.637809,-0.770143,0,0,0,0,0,0,0
1634068472961,4.24988,-7.68683,-1.28046,0.0015048,-0.00795509,0.637814,-0.770148,0,0,0,0,0,0,0
1634068473061,4.19495,-7.77094,-1.28035,0.00134263,-0.00720624,0.637819,-0.770151,0,0,0,0,0,0,0
1634068473161,4.1404,-7.85183,-1.28023,0.00118683,-0.00728229,0.63782,-0.77015,0,0,0,0,0,0,0
1634068473261,4.08464,-7.93196,-1.28013,0.00100605,-0.00788257,0.637818,-0.770146,0,0,0,0,0,0,0
1634068473361,4.02588,-8.01363,-1.28008,0.000785337,-0.00870873,0.637815,-0.77014,0,0,0,0,0,0,0
1634068473461,3.96747,-8.0919,-1.28008,0.000542558,-0.00952384,0.637812,-0.770133,0,0,0,0,0,0,0
1634068473561,3.90762,-8.16905,-1.28013,0.000278983,-0.0102519,0.63781,-0.770125,0,0,0,0,0,0,0
1634068473661,3.84625,-8.24495,-1.28023,4.56035e-06,-0.0108414,0.637808,-0.770119,0,0,0,0,0,0,0
1634068473761,3.78138,-8.32174,-1.28037,-0.00027818,-0.0112804,0.637808,-0.770113,0,0,0,0,0,0,0
1634068473861,3.7168,-8.39479,-1.28053,-0.000541888,-0.0115381,0.637808,-0.770109,0,0,0,0,0,0,0
1634068473961,3.65062,-8.46632,-1.28071,-0.000786654,-0.0116385,0.63781,-0.770105,0,0,0,0,0,0,0
1634068474061,3.58285,-8.53628,-1.28088,-0.000988383,-0.0115423,0.637812,-0.770105,0,0,0,0,0,0,0
1634068474161,3.5114,-8.6067,-1.28104,-0.00114496,-0.011257,0.637816,-0.770106,0,0,0,0,0,0,0
1634068474261,3.44055,-8.67346,-1.28117,-0.00124386,-0.0108228,0.63782,-0.770109,0,0,0,0,0,0,0
1634068474361,3.3683,-8.73868,-1.28125,-0.00129186,-0.0102628,0.637824,-0.770113,0,0,0,0,0,0,0
1634068474461,3.29473,-8.80242,-1.28129,-0.00129241,-0.00960524,0.637828,-0.770118,0,0,0,0,0,0,0
1634068474561,3.21765,-8.86663,-1.28128,-0.00124871,-0.00885306,0.637832,-0.770124,0,0,0,0,0,0,0
1634068474661,3.14171,-8.92764,-1.28122,-0.00116978,-0.00807554,0.637836,-0.770129,0,0,0,0,0,0,0
1634068474761,3.06477,-8.98747,-1.28112,-0.00109047,-0.00736566,0.637839,-0.770134,0,0,0,0,0,0,0
1634068474861,2.98691,-9.04618,-1.28101,-0.00127665,-0.00742205,0.63784,-0.770132,0,0,0,0,0,0,0
1634068474961,2.90575,-9.1055,-1.28092,-0.00166237,-0.00796185,0.637839,-0.770127,0,0,0,0,0,0,0
1634068475061,2.82605,-9.16182,-1.28087,-0.00213009,-0.00865604,0.637837,-0.77012,0,0,0,0,0,0,0
1634068475161,2.74538,-9.21674,-1.28088,-0.00261885,-0.0093319,0.637835,-0.770112,0,0,0,0,0,0,0
1634068475261,2.6637,-9.27012,-1.28095,-0.00309811,-0.00991649,0.637833,-0.770104,0,0,0,0,0,0,0
1634068475361,2.58099,-9.3218,-1.28105,-0.00354066,-0.0103647,0.637831,-0.770098,0,0,0,0,0,0,0
1634068475461,2.49469,-9.37316,-1.2812,-0.00394144,-0.0106685,0.637831,-0.770093,0,0,0,0,0,0,0
1634068475561,2.40987,-9.42108,-1.28137,-0.0042652,-0.0108088,0.637831,-0.770089,0,0,0,0,0,0,0
1634068475661,2.32403,-9.46702,-1.28155,-0.00451584,-0.0108029,0.637832,-0.770086,0,0,0,0,0,0,0
1634068475761,2.2372,-9.51096,-1.28173,-0.00466457,-0.0106305,0.637835,-0.770086,0,0,0,0,0,0,0
1634068475861,2.14943,-9.55289,-1.28188,-0.00470835,-0.0103062,0.637839,-0.770087,0,0,0,0,0,0,0
1634068475961,2.05807,-9.59403,-1.28201,-0.00464869,-0.00983697,0.637843,-0.770089,0,0,0,0,0,0,0
1634068476061,1.96856,-9.63201,-1.2821,-0.00450119,-0.00927938,0.637848,-0.770093,0,0,0,0,0,0,0
1634068476161,1.87829,-9.66818,-1.28213,-0.00427809,-0.00864681,0.637853,-0.770098,0,0,0,0,0,0,0
1634068476261,1.78456,-9.70366,-1.28212,-0.00398378,-0.00794135,0.637857,-0.770104,0,0,0,0,0,0,0
1634068476361,1.69295,-9.73649,-1.28206,-0.00364916,-0.00722479,0.637861,-0.770109,0,0,0,0,0,0,0
1634068476461,1.60078,-9.76787,-1.28195,-0.0033484,-0.00658223,0.637864,-0.770114,0,0,0,0,0,0,0
1634068476561,1.50811,-9.79793,-1.28183,-0.00355449,-0.0065886,0.637865,-0.770112,0,0,0,0,0,0,0
1634068476661,1.41213,-9.82747,-1.28174,-0.00409666,-0.00697855,0.637864,-0.770106,0,0,0,0,0,0,0
1634068476761,1.3185,-9.85465,-1.28169,-0.00475511,-0.0074766,0.637862,-0.7701,0,0,0,0,0,0,0
1634068476861,1.22441,-9.88021,-1.2817,-0.00543508,-0.00795844,0.63786,-0.770092,0,0,0,0,0,0,0
1634068476961,1.12987,-9.90397,-1.28176,-0.00607218,-0.00835112,0.637858,-0.770084,0,0,0,0,0,0,0
1634068477061,1.03203,-9.92643,-1.28186,-0.0066431,-0.00863053,0.637857,-0.770078,0,0,0,0,0,0,0
1634068477161,0.936656,-9.94616,-1.282,-0.00709739,-0.00877466,0.637857,-0.770072,0,0,0,0,0,0,0
1634068477261,0.84092,-9.96375,-1.28216,-0.00744159,-0.00879599,0.637857,-0.770069,0,0,0,0,0,0,0
1634068477361,0.744859,-9.97915,-1.28233,-0.00766828,-0.00870211,0.637859,-0.770066,0,0,0,0,0,0,0
1634068477461,0.64559,-9.9927,-1.2825,-0.00774645,-0.00847713,0.637862,-0.770065,0,0,0,0,0,0,0
1634068477561,0.548996,-10.0036,-1.28265,-0.0076726,-0.00814807,0.637866,-0.770066,0,0,0,0,0,0,0
1634068477661,0.452201,-10.0124,-1.28276,-0.00746413,-0.00773052,0.63787,-0.770069,0,0,0,0,0,0,0
1634068477761,0.35524,-10.0191,-1.28284,-0.00714048,-0.00724688,0.637875,-0.770073,0,0,0,0,0,0,0
1634068477861,0.255201,-10.024,-1.28286,-0.00670824,-0.00670076,0.63788,-0.770078,0,0,0,0,0,0,0
1634068477961,0.157996,-10.0269,-1.28284,-0.00621406,-0.00614248,0.637884,-0.770083,0,0,0,0,0,0,0
1634068478061,0.0607076,-10.028,-1.28277,-0.00566464,-0.00557033,0.637889,-0.770087,0,0,0,0,0,0,0
1634068478161,-0.0366477,-10.0277,-1.28266,-0.00518191,-0.00505921,0.637893,-0.770091,0,0,0,0,0,0,0
1634068478261,-0.137004,-10.0258,-1.28253,-0.00540063,-0.0050041,0.637894,-0.770089,0,0,0,0,0,0,0
1634068478361,-0.234424,-10.0226,-1.28243,-0.00602985,-0.00519678,0.637892,-0.770084,0,0,0,0,0,0,0
1634068478461,-0.331812,-10.0178,-1.28238,-0.00681625,-0.00545718,0.63789,-0.770078,0,0,0,0,0,0,0
1634068478561,-0.429111,-10.0114,-1.28237,-0.00761534,-0.00569282,0.637888,-0.77007,0,0,0,0,0,0,0
1634068478661,-0.529198,-10.0028,-1.28243,-0.00836775,-0.00586357,0.637886,-0.770063,0,0,0,0,0,0,0
1634068478761,-0.626121,-9.99249,-1.28252,-0.00898417,-0.00594202,0.637885,-0.770057,0,0,0,0,0,0,0
1634068478861,-0.722764,-9.98012,-1.28265,-0.00946569,-0.00593274,0.637884,-0.770051,0,0,0,0,0,0,0
1634068478961,-0.819065,-9.96562,-1.2828,-0.0098029,-0.0058423,0.637885,-0.770047,0,0,0,0,0,0,0
1634068479061,-0.917871,-9.94842,-1.28297,-0.00999449,-0.00567512,0.637887,-0.770044,0,0,0,0,0,0,0
1634068479161,-1.01332,-9.92951,-1.28312,-0.0100002,-0.00544345,0.63789,-0.770043,0,0,0,0,0,0,0
1634068479261,-1.1083,-9.90845,-1.28326,-0.00982998,-0.00515621,0.637893,-0.770045,0,0,0,0,0,0,0
1634068479361,-1.20278,-9.8853,-1.28337,-0.00950487,-0.00482925,0.637898,-0.770047,0,0,0,0,0,0,0
1634068479461,-1.29959,-9.85936,-1.28344,-0.00903448,-0.00446604,0.637903,-0.77005,0,0,0,0,0,0,0
1634068479561,-1.39305,-9.83228,-1.28346,-0.00847284,-0.00410086,0.637909,-0.770054,0,0,0,0,0,0,0
1634068479661,-1.48602,-9.80343,-1.28343,-0.00783229,-0.00373316,0.637914,-0.770058,0,0,0,0,0,0,0
1634068479761,-1.57853,-9.77297,-1.28336,-0.00713503,-0.00337035,0.637919,-0.770063,0,0,0,0,0,0,0
1634068479861,-1.67339,-9.74005,-1.28324,-0.00653857,-0.00304034,0.637923,-0.770067,0,0,0,0,0,0,0
1634068479961,-1.76505,-9.70673,-1.28312,-0.00676201,-0.00292886,0.637923,-0.770065,0,0,0,0,0,0,0
1634068480061,-1.85625,-9.67205,-1.28302,-0.00744251,-0.00291131,0.637922,-0.770059,0,0,0,0,0,0,0
1634068480161,-1.94693,-9.63592,-1.28297,-0.00828065,-0.00290726,0.63792,-0.770052,0,0,0,0,0,0,0
1634068480261,-2.03698,-9.59822,-1.28297,-0.00912051,-0.00286918,0.637918,-0.770045,0,0,0,0,0,0,0
1634068480361,-2.12897,-9.55761,-1.28303,-0.00989182,-0.00278482,0.637917,-0.770037,0,0,0,0,0,0,0
1634068480461,-2.21741,-9.51638,-1.28313,-0.0105032,-0.0026571,0.637916,-0.77003,0,0,0,0,0,0,0
1634068480561,-2.30491,-9.47328,-1.28326,-0.0109573,-0.00249015,0.637915,-0.770024,0,0,0,0,0,0,0
1634068480661,-2.39138,-9.42828,-1.28342,-0.0112493,-0.00229331,0.637916,-0.770021,0,0,0,0,0,0,0
1634068480761,-2.47935,-9.37989,-1.28359,-0.0113772,-0.0020713,0.637917,-0.770018,0,0,0,0,0,0,0
1634068480861,-2.56359,-9.33098,-1.28375,-0.0113055,-0.00184909,0.63792,-0.770018,0,0,0,0,0,0,0
1634068480961,-2.64667,-9.28019,-1.2839,-0.011048,-0.00163238,0.637924,-0.770018,0,0,0,0,0,0,0
1634068481061,-2.7286,-9.22758,-1.28401,-0.0106326,-0.00142847,0.637929,-0.770021,0,0,0,0,0,0,0
1634068481161,-2.81183,-9.17157,-1.28409,-0.0100682,-0.001238,0.637934,-0.770024,0,0,0,0,0,0,0
1634068481261,-2.8843,-9.12072,-1.28411,-0.00947965,-0.00108959,0.63794,-0.770027,0,0,0,0,0,0,0
1634068481361,-2.96303,-9.06335,-1.28409,-0.00875953,-0.000948835,0.637946,-0.770031,0,0,0,0,0,0,0
1634068481461,-3.04314,-9.00278,-1.28402,-0.0079618,-0.000828334,0.637951,-0.770035,0,0,0,0,0,0,0
1634068481561,-3.11998,-8.94273,-1.28391,-0.00730492,-0.000714037,0.637955,-0.770039,0,0,0,0,0,0,0
1634068481661,-3.19598,-8.88151,-1.2838,-0.00746493,-0.000537741,0.637956,-0.770037,0,0,0,0,0,0,0
1634068481761,-3.27112,-8.81916,-1.28371,-0.0080912,-0.000301297,0.637954,-0.770032,0,0,0,0,0,0,0
1634068481861,-3.3475,-8.75365,-1.28366,-0.00890408,-1.30174e-05,0.637952,-0.770025,0,0,0,0,0,0,0
1634068481961,-3.4205,-8.68877,-1.28367,-0.00968505,0.000295117,0.63795,-0.770017,0,0,0,0,0,0,0
1634068482061,-3.49224,-8.62253,-1.28373,-0.0103673,0.000615687,0.637948,-0.770009,0,0,0,0,0,0,0
1634068482161,-3.5626,-8.55486,-1.28384,-0.0109042,0.000934959,0.637947,-0.770002,0,0,0,0,0,0,0
1634068482261,-3.63351,-8.48362,-1.28399,-0.0112895,0.00124945,0.637947,-0.769997,0,0,0,0,0,0,0
1634068482361,-3.70072,-8.41297,-1.28416,-0.0114972,0.00152936,0.637948,-0.769992,0,0,0,0,0,0,0
1634068482461,-3.76627,-8.34085,-1.28433,-0.0115426,0.00177302,0.63795,-0.76999,0,0,0,0,0,0,0
1634068482561,-3.83012,-8.26728,-1.28451,-0.011403,0.00195875,0.637952,-0.769989,0,0,0,0,0,0,0
1634068482661,-3.89412,-8.19001,-1.28466,-0.0110773,0.00208213,0.637956,-0.769991,0,0,0,0,0,0,0
1634068482761,-3.95452,-8.11366,-1.28479,-0.010612,0.00213595,0.637959,-0.769994,0,0,0,0,0,0,0
1634068482861,-4.01328,-8.03603,-1.28487,-0.0100296,0.00212917,0.637964,-0.769998,0,0,0,0,0,0,0
1634068482961,-4.07218,-7.95483,-1.2849,-0.00933707,0.00206536,0.637969,-0.770002,0,0,0,0,0,0,0
1634068483061,-4.12785,-7.87491,-1.28488,-0.00860317,0.00195689,0.637975,-0.770007,0,0,0,0,0,0,0
1634068483161,-4.18216,-7.794,-1.28481,-0.00782529,0.00180792,0.63798,-0.770011,0,0,0,0,0,0,0
1634068483261,-4.23521,-7.71221,-1.28471,-0.00720083,0.00171088,0.637983,-0.770015,0,0,0,0,0,0,0
1634068483361,-4.28865,-7.62708,-1.28459,-0.00734397,0.0019557,0.637983,-0.770013,0,0,0,0,0,0,0
1634068483461,-4.33929,-7.54365,-1.28451,-0.00787706,0.00239197,0.637981,-0.770008,0,0,0,0,0,0,0
1634068483561,-4.38859,-7.4594,-1.28447,-0.00852604,0.00291322,0.63798,-0.770001,0,0,0,0,0,0,0
1634068483661,-4.4364,-7.3743,-1.28449,-0.00915064,0.00345372,0.637978,-0.769993,0,0,0,0,0,0,0
1634068483761,-4.48394,-7.2857,-1.28456,-0.00968968,0.00398701,0.637976,-0.769985,0,0,0,0,0,0,0
1634068483861,-4.52826,-7.1988,-1.28467,-0.0100754,0.00445441,0.637975,-0.769979,0,0,0,0,0,0,0
1634068483961,-4.57068,-7.11102,-1.28482,-0.0103131,0.00485448,0.637974,-0.769973,0,0,0,0,0,0,0
1634068484061,-4.6111,-7.02236,-1.28499,-0.0104055,0.00517725,0.637974,-0.76997,0,0,0,0,0,0,0
1634068484161,-4.65059,-6.93013,-1.28517,-0.0103523,0.00541714,0.637977,-0.769967,0,0,0,0,0,0,0
1634068484261,-4.68682,-6.83978,-1.28534,-0.0101425,0.00553224,0.63798,-0.769967,0,0,0,0,0,0,0
1634068484361,-4.72097,-6.74867,-1.28549,-0.00979152,0.00552946,0.637984,-0.769968,0,0,0,0,0,0,0
1634068484461,-4.75308,-6.65685,-1.28561,-0.00932512,0.00541891,0.637989,-0.76997,0,0,0,0,0,0,0
1634068484561,-4.78413,-6.56156,-1.28569,-0.00874928,0.00520452,0.637994,-0.769974,0,0,0,0,0,0,0
1634068484661,-4.81237,-6.46846,-1.28572,-0.00812545,0.00491676,0.637999,-0.769978,0,0,0,0,0,0,0
1634068484761,-4.83888,-6.37481,-1.28569,-0.00745913,0.00456591,0.638005,-0.769983,0,0,0,0,0,0,0
1634068484861,-4.86378,-6.28069,-1.28562,-0.00676819,0.0041665,0.638009,-0.769988,0,0,0,0,0,0,0
1634068484961,-4.88791,-6.18326,-1.28551,-0.00622823,0.00388758,0.638012,-0.769992,0,0,0,0,0,0,0
1634068485061,-4.90994,-6.0883,-1.28539,-0.00630147,0.00417482,0.638012,-0.769989,0,0,0,0,0,0,0
1634068485161,-4.93056,-5.99298,-1.28531,-0.006662,0.00476187,0.638011,-0.769984,0,0,0,0,0,0,0
1634068485261,-4.95021,-5.89442,-1.28527,-0.00711394,0.00548438,0.638009,-0.769976,0,0,0,0,0,0,0
1634068485361,-4.96756,-5.79843,-1.28528,-0.00752213,0.00619448,0.638008,-0.769968,0,0,0,0,0,0,0
1634068485461,-4.98307,-5.70214,-1.28535,-0.00784085,0.00684738,0.638006,-0.769961,0,0,0,0,0,0,0
1634068485561,-4.99659,-5.6056,-1.28545,-0.00804456,0.00740549,0.638004,-0.769955,0,0,0,0,0,0,0
1634068485661,-5.00834,-5.5059,-1.2856,-0.00813433,0.00786624,0.638004,-0.76995,0,0,0,0,0,0,0
1634068485761,-5.01754,-5.40894,-1.28576,-0.0081079,0.00819111,0.638004,-0.769947,0,0,0,0,0,0,0
1634068485861,-5.02452,-5.31185,-1.28593,-0.00797566,0.00838499,0.638006,-0.769944,0,0,0,0,0,0,0
1634068485961,-5.02928,-5.21467,-1.28609,-0.00773462,0.00841871,0.638009,-0.769944,0,0,0,0,0,0,0
1634068486061,-5.03188,-5.11448,-1.28624,-0.00738731,0.00828985,0.638013,-0.769945,0,0,0,0,0,0,0
1634068486161,-5.03223,-5.01722,-1.28634,-0.00697609,0.00802481,0.638017,-0.769949,0,0,0,0,0,0,0
1634068486261,-5.03052,-4.91997,-1.28641,-0.00651236,0.00764365,0.638021,-0.769953,0,0,0,0,0,0,0
1634068486361,-5.02688,-4.82275,-1.28642,-0.00601384,0.00716813,0.638027,-0.769957,0,0,0,0,0,0,0
1634068486461,-5.02123,-4.72264,-1.28639,-0.00548,0.00660246,0.638033,-0.769961,0,0,0,0,0,0,0
1634068486561,-5.01406,-4.62552,-1.28631,-0.00495459,0.00599985,0.638039,-0.769965,0,0,0,0,0,0,0
1634068486661,-5.00539,-4.52847,-1.28619,-0.00455998,0.00559296,0.638042,-0.769968,0,0,0,0,0,0,0
1634068486761,-4.99531,-4.43148,-1.28607,-0.00454291,0.00590265,0.638042,-0.769965,0,0,0,0,0,0,0
1634068486861,-4.98342,-4.33167,-1.28598,-0.00470194,0.00660973,0.638041,-0.76996,0,0,0,0,0,0,0
1634068486961,-4.97029,-4.23497,-1.28593,-0.0048917,0.00742724,0.638039,-0.769953,0,0,0,0,0,0,0
1634068487061,-4.95547,-4.13851,-1.28594,-0.00504728,0.00823729,0.638036,-0.769946,0,0,0,0,0,0,0
1634068487161,-4.93881,-4.04236,-1.286,-0.00513567,0.00896591,0.638034,-0.769939,0,0,0,0,0,0,0
1634068487261,-4.9196,-3.94371,-1.2861,-0.00514807,0.00958103,0.638032,-0.769933,0,0,0,0,0,0,0
1634068487361,-4.89888,-3.84844,-1.28624,-0.00508528,0.0100346,0.638032,-0.769928,0,0,0,0,0,0,0
1634068487461,-4.87606,-3.75369,-1.2864,-0.00495619,0.0103388,0.638033,-0.769924,0,0,0,0,0,0,0
1634068487561,-4.85031,-3.65669,-1.28657,-0.00476114,0.0104817,0.638035,-0.769921,0,0,0,0,0,0,0
1634068487661,-4.82316,-3.56317,-1.28673,-0.00452225,0.0104364,0.638038,-0.769921,0,0,0,0,0,0,0
1634068487761,-4.79391,-3.47032,-1.28686,-0.00424459,0.0102116,0.638041,-0.769923,0,0,0,0,0,0,0
1634068487861,-4.76263,-3.37814,-1.28697,-0.00394242,0.00983305,0.638046,-0.769926,0,0,0,0,0,0,0
1634068487961,-4.7284,-3.28386,-1.28703,-0.00361876,0.00931042,0.638052,-0.769929,0,0,0,0,0,0,0
1634068488061,-4.69332,-3.19302,-1.28704,-0.00330257,0.00870216,0.638057,-0.769933,0,0,0,0,0,0,0
1634068488161,-4.65656,-3.10281,-1.28701,-0.00299179,0.00801983,0.638062,-0.769938,0,0,0,0,0,0,0
1634068488261,-4.61825,-3.01319,-1.28693,-0.00269145,0.00728559,0.638067,-0.769942,0,0,0,0,0,0,0
1634068488361,-4.57733,-2.92141,-1.2868,-0.00245313,0.00680932,0.63807,-0.769945,0,0,0,0,0,0,0
1634068488461,-4.53627,-2.83287,-1.28669,-0.00234388,0.00715202,0.638069,-0.769942,0,0,0,0,0,0,0
1634068488561,-4.49388,-2.7449,-1.2866,-0.00226777,0.00787909,0.638068,-0.769937,0,0,0,0,0,0,0
1634068488661,-4.45007,-2.6576,-1.28657,-0.00218058,0.00872824,0.638066,-0.769929,0,0,0,0,0,0,0
1634068488761,-4.40331,-2.56849,-1.28658,-0.00205824,0.0095745,0.638064,-0.769921,0,0,0,0,0,0,0
1634068488861,-4.35626,-2.48292,-1.28665,-0.00190368,0.0102877,0.638061,-0.769914,0,0,0,0,0,0,0
1634068488961,-4.30748,-2.39836,-1.28676,-0.00171784,0.010856,0.63806,-0.769908,0,0,0,0,0,0,0
1634068489061,-4.25691,-2.31492,-1.28691,-0.00150872,0.0112631,0.638059,-0.769904,0,0,0,0,0,0,0
1634068489161,-4.20289,-2.2302,-1.28708,-0.00127933,0.0115096,0.63806,-0.7699,0,0,0,0,0,0,0
1634068489261,-4.14861,-2.14924,-1.28725,-0.00105521,0.0115739,0.638062,-0.769898,0,0,0,0,0,0,0
1634068489361,-4.0925,-2.06958,-1.28742,-0.000844267,0.011442,0.638065,-0.769897,0,0,0,0,0,0,0
1634068489461,-4.03285,-1.98888,-1.28757,-0.000650763,0.0111182,0.638069,-0.769899,0,0,0,0,0,0,0
1634068489561,-3.97323,-1.91188,-1.28767,-0.000491124,0.0106495,0.638073,-0.769902,0,0,0,0,0,0,0
1634068489661,-3.91201,-1.83614,-1.28774,-0.000361958,0.0100586,0.638078,-0.769906,0,0,0,0,0,0,0
1634068489761,-3.84929,-1.76161,-1.28776,-0.000263543,0.0093747,0.638084,-0.76991,0,0,0,0,0,0,0
1634068489861,-3.78321,-1.68602,-1.28773,-0.000192898,0.00860011,0.638089,-0.769915,0,0,0,0,0,0,0
1634068489961,-3.7178,-1.61373,-1.28765,-0.000151535,0.00780344,0.638093,-0.769919,0,0,0,0,0,0,0
1634068490061,-3.65125,-1.54241,-1.28753,-7.39017e-05,0.00734933,0.638096,-0.769921,0,0,0,0,0,0,0
1634068490161,-3.58363,-1.47202,-1.28742,0.000148635,0.0076784,0.638096,-0.769918,0,0,0,0,0,0,0
1634068490261,-3.51283,-1.40053,-1.28735,0.000471781,0.00837878,0.638094,-0.769913,0,0,0,0,0,0,0
1634068490361,-3.44295,-1.33229,-1.28732,0.000832807,0.00915305,0.638092,-0.769905,0,0,0,0,0,0,0
1634068490461,-3.37187,-1.26531,-1.28735,0.00121154,0.00988096,0.63809,-0.769897,0,0,0,0,0,0,0
1634068490561,-3.29731,-1.19779,-1.28743,0.0015985,0.0105088,0.638088,-0.76989,0,0,0,0,0,0,0
1634068490661,-3.22361,-1.13382,-1.28756,0.00195454,0.0109661,0.638086,-0.769884,0,0,0,0,0,0,0
1634068490761,-3.14857,-1.0715,-1.28771,0.00227845,0.011262,0.638086,-0.769879,0,0,0,0,0,0,0
1634068490861,-3.0722,-1.01092,-1.28789,0.00256004,0.0113977,0.638088,-0.769875,0,0,0,0,0,0,0
1634068490961,-2.99213,-0.950391,-1.28807,0.00279093,0.0113656,0.63809,-0.769873,0,0,0,0,0,0,0
1634068491061,-2.91311,-0.893492,-1.28825,0.00293557,0.0111502,0.638092,-0.769874,0,0,0,0,0,0,0
1634068491161,-2.83285,-0.838413,-1.28839,0.00299991,0.0107729,0.638096,-0.769876,0,0,0,0,0,0,0
1634068491261,-2.75141,-0.785118,-1.2885,0.00298868,0.0102635,0.638101,-0.769879,0,0,0,0,0,0,0
1634068491361,-2.66636,-0.732008,-1.28857,0.00290669,0.00963186,0.638106,-0.769883,0,0,0,0,0,0,0
1634068491461,-2.58278,-0.682116,-1.28859,0.00276715,0.00894133,0.638111,-0.769887,0,0,0,0,0,0,0
1634068491561,-2.49827,-0.63375,-1.28856,0.00257906,0.00819938,0.638115,-0.769893,0,0,0,0,0,0,0
1634068491661,-2.41292,-0.586792,-1.28848,0.00235228,0.00742645,0.638119,-0.769898,0,0,0,0,0,0,0
1634068491761,-2.32419,-0.539752,-1.28836,0.00230511,0.00701042,0.638122,-0.7699,0,0,0,0,0,0,0
1634068491861,-2.23736,-0.495342,-1.28825,0.00264211,0.00728169,0.638121,-0.769897,0,0,0,0,0,0,0
1634068491961,-2.14984,-0.452236,-1.28818,0.00316234,0.00782933,0.638119,-0.769892,0,0,0,0,0,0,0
1634068492061,-2.05892,-0.409332,-1.28816,0.00376851,0.00845698,0.638116,-0.769884,0,0,0,0,0,0,0
1634068492161,-1.96993,-0.36932,-1.28819,0.00435506,0.0090105,0.638113,-0.769878,0,0,0,0,0,0,0
1634068492261,-1.88021,-0.331067,-1.28827,0.00489874,0.00945203,0.638111,-0.769871,0,0,0,0,0,0,0
1634068492361,-1.78976,-0.294708,-1.2884,0.00537413,0.0097568,0.63811,-0.769864,0,0,0,0,0,0,0
1634068492461,-1.69581,-0.259343,-1.28856,0.00577926,0.00992515,0.638111,-0.769859,0,0,0,0,0,0,0
1634068492561,-1.60391,-0.227133,-1.28873,0.00607468,0.00994502,0.638112,-0.769855,0,0,0,0,0,0,0
1634068492661,-1.51135,-0.197051,-1.28891,0.00626733,0.00983336,0.638114,-0.769853,0,0,0,0,0,0,0
1634068492761,-1.41817,-0.169113,-1.28907,0.00632017,0.00956907,0.638118,-0.769853,0,0,0,0,0,0,0
